   5.3874651515721916e-01
   6.5050763538006051e-01
   7.2662953230651417e-01
   9.4488563920578472e-02
   8.7757393430765984e-01
   1.4362143945985784e-02
   2.9430262684623720e-01
   1.7991487850424015e-01
   9.2629426819795002e-01
   6.8180436827034563e-02
   5.8109322757849147e-01
   6.3715122252522471e-01
   6.5126926476494229e-01
   8.6462201253355297e-01
   5.5952529407020890e-02
   8.1685517377385020e-01
   5.2892246632842854e-01
   6.9435056062244160e-01
   2.1240489628183401e-01
   5.4327994624985110e-01
   7.0252027215346380e-01
   9.5643455726046889e-01
   4.4454216287347137e-01
   8.5397830812644959e-02
   5.7340147541257491e-02
   6.2945048609947929e-01
   7.9617906649845815e-01
   6.9119133285814349e-01
   3.4530786221516552e-01
   9.4681666716159452e-01
   5.2019031821147721e-01
   9.5381302519792688e-01
   7.3595635808199944e-02
   2.0703194807307401e-01
   7.7502781398196741e-01
   9.1418782124377351e-01
   7.8255064771029959e-01
   2.9553419616487597e-01
   1.5184572231448457e-01
   8.4791052231378217e-01
   7.8485459109314959e-01
   2.7083150215131735e-01
   2.2781070481613375e-01
   3.2102321708895110e-01
   8.2956180439916749e-01
   8.2218219460097586e-01
   5.7068285048187828e-01
   5.7182963622884753e-01
   2.8601827249938028e-01
   6.9913355930120902e-01
   7.9625794328157706e-01
   4.4158905615122279e-01
   4.4621561169122159e-01
   4.6566240836511064e-01
   2.7903918727461485e-01
   6.7537531841659471e-01
   9.0366452636353989e-01
   9.0852589884837465e-01
   7.4719694413071303e-01
   2.6051150708354609e-01
   6.8963784007410900e-01
   1.3183066547551237e-01
   1.2350083231980058e-01
   1.9090285324449119e-01
   1.4573209949629140e-01
   5.8504361526871551e-01
   7.3361690080466779e-02
   8.2232622218530615e-01
   7.2290297326846520e-01
   9.2585803801748578e-01
   4.9263859846178115e-01
   6.5488289844966852e-01
   8.9012347796168689e-01
   5.3852557446902116e-01
   2.8220516455822231e-01
   9.7595751787996410e-01
   3.6425515525480123e-02
   3.2624457306031240e-01
   9.7301362389282042e-01
   3.6503262530574743e-01
   3.0914961889591730e-01
   1.2091238458062825e-01
   9.1576570404078961e-01
   1.3547820568150193e-01
   3.3211789182834073e-01
   8.9747989239988424e-01
   4.9964877784727335e-01
   6.1528824221505674e-01
   5.8313296808864823e-01
   6.9825392662741392e-01
   2.9332342754362029e-02
   5.2788268773864733e-01
   3.2072846419985424e-02
   8.2714232283631461e-01
   3.3998620648216860e-01
   8.4671095888053016e-01
   2.4606956710609840e-01
   5.8149125236813259e-01
   9.3767687907477537e-01
   4.7787292385066182e-02
   5.3977659170238557e-02
   2.0618034119990858e-02
   6.8147851419621241e-01
   5.9862852663323463e-01
   1.1403003451565585e-01
   7.9624535072584524e-01
   6.1785058713927876e-01
   7.0213523986958348e-02
   6.9278972568001307e-02
   1.3600738862008965e-01
   7.8889131965700876e-01
   9.2398457923829613e-02
   2.3786879200730637e-01
   2.4364791261678476e-01
   1.0482221265889480e-01
   8.5835276022875784e-01
   6.9819976617956625e-01
   7.3374213326328119e-01
   6.5053062445491261e-01
   5.1627056577412900e-01
   3.2638813508888198e-01
   6.6177619677850130e-01
   1.1756548462175631e-01
   1.4781741418160632e-01
   1.9764663728817022e-02
   9.6429173029955939e-01
   9.7037290201331217e-01
   1.2386050714681973e-01
   4.6741002677445964e-01
   6.5669400330447358e-01
   2.9018556663286710e-01
   7.5453663971629481e-01
   5.5811805135897152e-01
   4.2779259554845606e-01
   2.6719405727420009e-01
   7.5373607413306132e-01
   8.9837632500563103e-01
   7.2844403395778601e-01
   4.0683013465448836e-01
   9.3831584025369719e-01
   2.5542745493780250e-01
   5.3316324060882259e-01
   9.5475487037637019e-01
   2.6774753644009619e-01
   2.5008462058958947e-01
   9.2767272023934755e-01
   6.8582348555455641e-02
   2.9940038656086487e-01
   5.9158353415636711e-01
   2.0329914535633631e-01
   6.3588319888688738e-01
   7.9837025783025850e-01
   5.0170105236421825e-01
   6.5081213594914189e-01
   7.9595498555612687e-01
   2.3337376807156729e-01
   6.0083893843479241e-01
   1.1246237838328643e-01
   5.1576565319591439e-01
   8.3784069087023427e-01
   9.2079010799870464e-01
   4.9822792945535588e-01
   2.7761112226438833e-01
   6.5251996074829410e-01
   9.1729880380066753e-01
   5.0983945351473547e-01
   9.7419148380259790e-01
   1.9727894209731389e-01
   1.1118498378893360e-01
   2.9735429336862196e-01
   3.9641853556172668e-01
   4.2075568334849212e-01
   3.1147535765045253e-01
   6.9384317093222614e-01
   9.1871833271499503e-02
   4.0208861903704640e-01
   2.9518080402996216e-01
   3.0649677902637917e-01
   1.0556113073527484e-01
   5.9382760456426820e-01
   2.8272751624475834e-01
   1.5522162093950032e-01
   6.5866758611232701e-04
   2.8359541707838143e-01
   5.5081087497959980e-01
   8.7090219150368386e-01
   4.2253425332492767e-02
   9.0472198146632687e-01
   1.3097408636516639e-01
   8.3372894812306564e-01
   8.0046837489906242e-01
   9.1788009199863929e-01
   1.3730365844587711e-01
   5.0473231755744863e-01
   4.0495848011729729e-01
   1.7357216153471722e-01
   5.7518361246785343e-01
   6.0621793257278322e-01
   2.1444574041597819e-01
   5.1993225505643814e-01
   9.8918580963938652e-01
   4.8991516241339450e-01
   6.9487321118708256e-01
   4.1142182738776489e-01
   3.4776740099746628e-02
   2.9283155596853483e-01
   8.0144173777753469e-01
   3.4650199056307740e-01
   8.3315944823872168e-02
   5.1110637094285982e-01
   3.6683340785228669e-01
   7.3947950488748682e-01
   5.2474016394199485e-01
   8.0452087745873113e-01
   8.1691117904953137e-01
   1.8947148168543892e-01
   1.2369345686436317e-01
   8.2099647899102157e-01
   6.3789762001143591e-01
   1.6119801882215179e-02
   8.9595462763973333e-01
   5.1537505711997889e-01
   5.4452193834624674e-01
   6.0644220824852690e-01
   7.6043621784017934e-01
   8.5534687187690039e-01
   3.8286844833176226e-01
   8.4649188617225368e-02
   7.3387329878127183e-01
   3.3198933262443053e-01
   8.3974953487464488e-01
   3.7172330801655729e-01
   8.2821527003362938e-01
   1.7651862896156023e-01
   1.2951986103466673e-01
   8.7988358241787867e-01
   4.4079128467696571e-02
   6.8672001848080277e-01
   7.3377290493359204e-01
   4.3717243724465848e-01
   3.7983891690762817e-01
   9.7965743984657438e-01
   3.9899342261162940e-01
   4.4018691426936762e-01
   1.5680788754439556e-01
   3.2603428406641921e-01
   3.1406192867346483e-01
   8.9450066390425542e-01
   2.4702417926403974e-01
   3.1067901591264924e-01
   4.0886890804217102e-01
   7.0801089406405304e-01
   1.4363759505949247e-01
   8.7132206657302180e-01
   8.3155896753459912e-02
   4.6173783836813131e-01
   3.0389023661151371e-02
   7.5320053270885423e-01
   7.0004266952961947e-01
   2.1451224616399100e-01
   6.7990468552341865e-01
   5.5729268068992877e-01
   8.5067890259010293e-01
   5.5856549180288562e-01
   9.0177366404756298e-01
   4.1951770401318511e-01
   3.5812835278903632e-01
   4.8898751737948631e-01
   2.5596214100219083e-01
   9.2916926899239649e-01
   4.6675681421043569e-01
   2.5400785055694486e-01
   4.3121844727807390e-01
   7.0253001125234282e-01
   4.0232986798660142e-01
   1.8184007866568819e-01
   8.5625111614668203e-01
   5.8420122453659851e-01
   3.7357878267989764e-01
   2.2169454676839784e-01
   2.1899411771183375e-01
   5.2223244302549998e-01
   4.3342271348776151e-01
   7.4130398829855304e-01
   7.0449632328411393e-02
   8.4733343639718173e-01
   6.7988023455790725e-01
   1.3665152189857976e-01
   8.5840218857868666e-01
   1.9983412466707495e-01
   6.0733992176421203e-01
   5.4304498365438814e-01
   1.6232469203250321e-01
   5.6530681268455174e-03
   7.7148514716540917e-01
   7.6478755625533990e-01
   4.2106935236188192e-01
   5.6813180973632416e-02
   5.8574699523422780e-01
   1.7415524443403130e-01
   7.2861066056631008e-01
   5.3429104994102916e-01
   2.5306428775141265e-01
   9.1705674828558481e-01
   7.5819452971541612e-01
   8.8703073222801310e-01
   6.8798171103716665e-02
   1.8352819552783994e-01
   7.3707265458658877e-01
   6.9671485264972166e-01
   7.7699290570602875e-01
   5.0190341915374370e-01
   4.2549682800262667e-01
   6.1123713077430131e-01
   8.5577189136173626e-01
   6.7079710898022316e-01
   5.2359204471116061e-01
   2.9881541010702217e-01
   7.0396907865119462e-01
   3.8161087598888233e-01
   5.6768499780148662e-01
   8.8786095531122766e-01
   8.4294928899528865e-01
   8.9879855583218982e-01
   9.3900309144655503e-01
   8.1543515593874749e-01
   1.3578287860310789e-03
   3.0906975574651607e-03
   8.7468816318751474e-02
   2.6072735120431967e-01
   2.2798670640933438e-02
   4.2408481880587945e-01
   3.4106496890922877e-01
   5.4135393330770443e-01
   9.2616908258307284e-01
   2.9849944705923959e-01
   3.3808479385128187e-01
   8.5948010720678958e-01
   3.4047831076543256e-01
   1.3812040305008644e-01
   5.0779895535260278e-01
   8.5665647689168989e-01
   3.8431361788261365e-01
   6.9569092682876932e-01
   6.2790417779054875e-01
   4.5038815435192547e-01
   4.7361794209888441e-01
   9.4970635350353250e-01
   8.3497561789330876e-02
   2.7982892000021253e-01
   4.4700730933470434e-01
   5.8757126399531345e-01
   8.7763413841452176e-01
   4.6910052022901916e-01
   4.3741847570172065e-01
   7.4618493997484525e-01
   4.6791046580774609e-01
   8.6082735105787489e-01
   4.6651201238148732e-01
   4.9810448712270927e-01
   4.8743065441544542e-01
   2.2946877474801686e-01
   8.5552232409057183e-02
   6.7383313608906592e-02
   8.8839093480457798e-01
   2.3316768566965984e-01
   8.6159575998436722e-01
   7.1173509300791893e-01
   8.7281299304285376e-01
   9.3800200691963043e-01
   1.3968927854750046e-01
   3.9390014485100344e-01
   9.8056282971505393e-01
   6.4479402598537605e-01
   8.9640977945393385e-01
   4.8223040543679851e-01
   1.4093075189023252e-02
   6.2288034443479545e-01
   2.3109536311113477e-01
   5.2743396277663401e-01
   7.2499196135723887e-01
   6.0741579114493538e-01
   5.8836644579525066e-01
   4.3343484003305799e-01
   2.4417289350702509e-01
   4.2896035377800745e-01
   1.0177455521777068e-02
   6.0882144904436009e-01
   9.5797518819735794e-01
   9.5446523549600593e-02
   3.5590563380147655e-02
   8.8623511132575139e-01
   2.4694136505749653e-01
   8.9150562533369948e-03
   8.1492027144803902e-01
   1.4049943654876662e-01
   8.7986644028400263e-01
   9.5376786090524690e-02
   3.5256010124863957e-01
   5.9342056778749130e-01