   4.7140964201727911e+01
   3.7416340998208852e+00
  -4.2985012297062895e+00
   1.5988626566240782e+01
  -6.6440441483879113e+01
   7.0753765570265386e+01
  -1.3617347600434186e+01
   5.3357259609176253e+01
   5.1270146412400209e+01
  -2.7569694280991826e+01
   5.2106476798444419e+00
  -8.5961001792224124e+01
   1.3019243331452344e+01
   4.5899781694341073e+01
   4.8507769656000619e+00
  -6.8412692100446293e-01
   5.2964992055158291e+00
   2.6914653168438235e+01
  -1.0262538543133996e+02
  -2.7533802105483119e+01
